{
  "clean_acc": 94.57999420166016,
  "bd_acc": 99.86000061035156,
  "cross_acc": 94.11000061035156
}