{
  "clean_acc": 94.30999755859375,
  "bd_acc": 98.91999816894531,
  "cross_acc": 91.83999633789062
}